# Created by Octave 4.0.3, Wed Nov 09 16:43:12 2016 GMT <unknown@nmeyer145>
# name: ans
# type: cell
# rows: 1
# columns: 8
# name: <cell-element>
# type: sq_string
# elements: 1
# length: 66
C:\Octave\Octave-4.0.3\share\octave\packages\geometry-2.1.1\geom2d



# name: <cell-element>
# type: sq_string
# elements: 1
# length: 62
C:\Octave\Octave-4.0.3\share\octave\packages\geometry-2.1.1\io



# name: <cell-element>
# type: sq_string
# elements: 1
# length: 70
C:\Octave\Octave-4.0.3\share\octave\packages\geometry-2.1.1\polygons2d



# name: <cell-element>
# type: sq_string
# elements: 1
# length: 67
C:\Octave\Octave-4.0.3\share\octave\packages\geometry-2.1.1\shape2d



# name: <cell-element>
# type: sq_string
# elements: 1
# length: 66
C:\Octave\Octave-4.0.3\share\octave\packages\geometry-2.1.1\graphs



# name: <cell-element>
# type: sq_string
# elements: 1
# length: 66
C:\Octave\Octave-4.0.3\share\octave\packages\geometry-2.1.1\geom3d



# name: <cell-element>
# type: sq_string
# elements: 1
# length: 68
C:\Octave\Octave-4.0.3\share\octave\packages\geometry-2.1.1\meshes3d



# name: <cell-element>
# type: sq_string
# elements: 1
# length: 78
C:\Octave\Octave-4.0.3\share\octave\packages\geometry-2.1.1\polynomialCurves2d





# name: nitrogen_liquid_pvt_surface_data
# type: matrix
# rows: 643
# columns: 3
 0.01252 0.032303 63.151
 0.012764 0.032319 63.256
 0.013011 0.032335 63.361
 0.013263 0.032351 63.466
 0.013518 0.032367 63.571
 0.013778 0.032383 63.676
 0.014041 0.032399 63.781
 0.014309 0.032416 63.886
 0.01458 0.032432 63.992
 0.014856 0.032448 64.09699999999999
 0.015136 0.032464 64.202
 0.01542 0.032481 64.307
 0.015709 0.032497 64.41200000000001
 0.016001 0.032513 64.517
 0.016298 0.03253 64.622
 0.0166 0.032546 64.727
 0.016906 0.032563 64.83199999999999
 0.017217 0.032579 64.937
 0.017532 0.032596 65.042
 0.017851 0.032612 65.14700000000001
 0.018176 0.032629 65.252
 0.018505 0.032645 65.357
 0.018839 0.032662 65.46299999999999
 0.019177 0.032679 65.568
 0.019521 0.032695 65.673
 0.019869 0.032712 65.77800000000001
 0.020223 0.032729 65.883
 0.020581 0.032746 65.988
 0.020944 0.032762 66.093
 0.021313 0.032779 66.19799999999999
 0.021687 0.032796 66.303
 0.022066 0.032813 66.408
 0.02245 0.03283 66.51300000000001
 0.022839 0.032847 66.61799999999999
 0.023234 0.032864 66.723
 0.023634 0.032881 66.828
 0.02404 0.032898 66.93300000000001
 0.024451 0.032915 67.039
 0.024868 0.032932 67.14400000000001
 0.025291 0.032949 67.249
 0.025719 0.032966 67.354
 0.026153 0.032984 67.459
 0.026593 0.033001 67.56399999999999
 0.027038 0.033018 67.669
 0.02749 0.033035 67.774
 0.027947 0.033053 67.879
 0.028411 0.03307 67.98399999999999
 0.02888 0.033087 68.089
 0.029356 0.033105 68.194
 0.029838 0.033122 68.29900000000001
 0.030326 0.03314 68.404
 0.03082 0.033157 68.509
 0.031321 0.033175 68.61499999999999
 0.031828 0.033192 68.72
 0.032342 0.03321 68.825
 0.032862 0.033227 68.93000000000001
 0.033388 0.033245 69.035
 0.033922 0.033263 69.14
 0.034462 0.03328 69.245
 0.035009 0.033298 69.34999999999999
 0.035562 0.033316 69.455
 0.036123 0.033334 69.56
 0.03669 0.033351 69.66500000000001
 0.037264 0.033369 69.77
 0.037846 0.033387 69.875
 0.038434 0.033405 69.98
 0.03903 0.033423 70.086
 0.039633 0.033441 70.191
 0.040243 0.033459 70.29600000000001
 0.040861 0.033477 70.401
 0.041486 0.033495 70.506
 0.042118 0.033513 70.611
 0.042758 0.033532 70.71599999999999
 0.043406 0.03355 70.821
 0.044061 0.033568 70.926
 0.044724 0.033586 71.03100000000001
 0.045395 0.033605 71.136
 0.046074 0.033623 71.241
 0.04676 0.033641 71.346
 0.047455 0.03366 71.45099999999999
 0.048157 0.033678 71.556
 0.048868 0.033697 71.66200000000001
 0.049587 0.033715 71.767
 0.050314 0.033734 71.872
 0.051049 0.033752 71.977
 0.051793 0.033771 72.08199999999999
 0.052545 0.033789 72.187
 0.053305 0.033808 72.292
 0.054074 0.033827 72.39700000000001
 0.054852 0.033846 72.502
 0.055638 0.033864 72.607
 0.056433 0.033883 72.712
 0.057237 0.033902 72.81699999999999
 0.05805 0.033921 72.922
 0.058872 0.03394 73.027
 0.059702 0.033959 73.13200000000001
 0.060542 0.033978 73.238
 0.061391 0.033997 73.343
 0.062249 0.034016 73.44799999999999
 0.06311700000000001 0.034035 73.553
 0.06399299999999999 0.034054 73.658
 0.06487900000000001 0.034073 73.76300000000001
 0.065775 0.034093 73.86799999999999
 0.06668 0.034112 73.973
 0.067595 0.034131 74.078
 0.068519 0.03415 74.18300000000001
 0.069453 0.03417 74.288
 0.070397 0.034189 74.393
 0.071351 0.034209 74.498
 0.072315 0.034228 74.60299999999999
 0.07328800000000001 0.034248 74.709
 0.074272 0.034267 74.81399999999999
 0.075266 0.034287 74.919
 0.07627 0.034306 75.024
 0.07728500000000001 0.034326 75.129
 0.07831 0.034346 75.23399999999999
 0.079345 0.034366 75.339
 0.080391 0.034385 75.444
 0.08144700000000001 0.034405 75.54900000000001
 0.082514 0.034425 75.654
 0.083591 0.034445 75.759
 0.08468000000000001 0.034465 75.864
 0.08577899999999999 0.034485 75.96899999999999
 0.08688899999999999 0.034505 76.074
 0.08801 0.034525 76.179
 0.089143 0.034545 76.285
 0.09028600000000001 0.034565 76.39
 0.09144099999999999 0.034586 76.495
 0.09260599999999999 0.034606 76.59999999999999
 0.09378400000000001 0.034626 76.705
 0.094972 0.034646 76.81
 0.09617199999999999 0.034667 76.91500000000001
 0.097384 0.034687 77.02
 0.098607 0.034708 77.125
 0.099842 0.034728 77.23
 0.10109 0.034749 77.33499999999999
 0.10235 0.034769 77.44
 0.10362 0.03479 77.545
 0.1049 0.034811 77.65000000000001
 0.1062 0.034831 77.755
 0.1075 0.034852 77.861
 0.10882 0.034873 77.96599999999999
 0.11015 0.034894 78.071
 0.1115 0.034915 78.176
 0.11285 0.034935 78.28100000000001
 0.11422 0.034956 78.386
 0.1156 0.034977 78.491
 0.117 0.034998 78.596
 0.1184 0.03502 78.70099999999999
 0.11982 0.035041 78.806
 0.12125 0.035062 78.911
 0.1227 0.035083 79.01600000000001
 0.12416 0.035104 79.121
 0.12563 0.035126 79.226
 0.12711 0.035147 79.33199999999999
 0.12861 0.035169 79.437
 0.13012 0.03519 79.542
 0.13165 0.035212 79.64700000000001
 0.13318 0.035233 79.752
 0.13474 0.035255 79.857
 0.1363 0.035276 79.962
 0.13788 0.035298 80.06699999999999
 0.13947 0.03532 80.172
 0.14108 0.035342 80.277
 0.1427 0.035364 80.38200000000001
 0.14433 0.035385 80.48699999999999
 0.14598 0.035407 80.592
 0.14765 0.035429 80.697
 0.14932 0.035451 80.80200000000001
 0.15101 0.035473 80.908
 0.15272 0.035496 81.01300000000001
 0.15444 0.035518 81.11799999999999
 0.15618 0.03554 81.223
 0.15792 0.035562 81.328
 0.15969 0.035585 81.43300000000001
 0.16147 0.035607 81.538
 0.16326 0.03563 81.643
 0.16507 0.035652 81.748
 0.16689 0.035675 81.85299999999999
 0.16873 0.035697 81.958
 0.17059 0.03572 82.063
 0.17246 0.035743 82.16800000000001
 0.17434 0.035765 82.273
 0.17624 0.035788 82.379
 0.17816 0.035811 82.48399999999999
 0.18009 0.035834 82.589
 0.18203 0.035857 82.694
 0.184 0.03588 82.79900000000001
 0.18597 0.035903 82.904
 0.18797 0.035926 83.009
 0.18998 0.035949 83.114
 0.192 0.035972 83.21899999999999
 0.19405 0.035996 83.324
 0.1961 0.036019 83.429
 0.19818 0.036042 83.53400000000001
 0.20027 0.036066 83.639
 0.20238 0.036089 83.744
 0.2045 0.036113 83.849
 0.20664 0.036137 83.955
 0.2088 0.03616 84.06
 0.21097 0.036184 84.16500000000001
 0.21316 0.036208 84.27
 0.21537 0.036232 84.375
 0.2176 0.036256 84.48
 0.21984 0.03628 84.58499999999999
 0.2221 0.036304 84.69
 0.22437 0.036328 84.795
 0.22667 0.036352 84.90000000000001
 0.22898 0.036376 85.005
 0.23131 0.0364 85.11
 0.23365 0.036425 85.215
 0.23602 0.036449 85.31999999999999
 0.2384 0.036473 85.425
 0.2408 0.036498 85.53100000000001
 0.24321 0.036522 85.636
 0.24565 0.036547 85.741
 0.2481 0.036572 85.846
 0.25057 0.036597 85.95099999999999
 0.25306 0.036621 86.056
 0.25557 0.036646 86.161
 0.2581 0.036671 86.26600000000001
 0.26064 0.036696 86.371
 0.2632 0.036721 86.476
 0.26579 0.036746 86.581
 0.26839 0.036771 86.68600000000001
 0.271 0.036797 86.791
 0.27364 0.036822 86.896
 0.2763 0.036847 87.002
 0.27897 0.036873 87.107
 0.28167 0.036898 87.212
 0.28438 0.036924 87.31699999999999
 0.28712 0.03695 87.422
 0.28987 0.036975 87.527
 0.29264 0.037001 87.63200000000001
 0.29543 0.037027 87.73699999999999
 0.29825 0.037053 87.842
 0.30108 0.037079 87.947
 0.30393 0.037105 88.05200000000001
 0.3068 0.037131 88.157
 0.30969 0.037157 88.262
 0.3126 0.037183 88.367
 0.31553 0.03721 88.47199999999999
 0.31848 0.037236 88.578
 0.32145 0.037263 88.68300000000001
 0.32444 0.037289 88.788
 0.32745 0.037316 88.893
 0.33049 0.037343 88.998
 0.33354 0.037369 89.10299999999999
 0.33661 0.037396 89.208
 0.33971 0.037423 89.313
 0.34282 0.03745 89.41800000000001
 0.34596 0.037477 89.523
 0.34912 0.037504 89.628
 0.35229 0.037531 89.733
 0.35549 0.037559 89.83799999999999
 0.35871 0.037586 89.943
 0.36196 0.037613 90.048
 0.36522 0.037641 90.154
 0.36851 0.037669 90.259
 0.37181 0.037696 90.364
 0.37514 0.037724 90.46899999999999
 0.37849 0.037752 90.574
 0.38186 0.03778 90.679
 0.38526 0.037808 90.78400000000001
 0.38867 0.037836 90.889
 0.39211 0.037864 90.994
 0.39557 0.037892 91.099
 0.39905 0.03792 91.20399999999999
 0.40256 0.037949 91.309
 0.40608 0.037977 91.414
 0.40963 0.038006 91.51900000000001
 0.41321 0.038034 91.625
 0.4168 0.038063 91.73
 0.42042 0.038092 91.83499999999999
 0.42406 0.038121 91.94
 0.42772 0.03815 92.045
 0.43141 0.038179 92.15000000000001
 0.43512 0.038208 92.255
 0.43885 0.038237 92.36
 0.44261 0.038267 92.465
 0.44639 0.038296 92.56999999999999
 0.45019 0.038325 92.675
 0.45402 0.038355 92.78
 0.45787 0.038385 92.88500000000001
 0.46174 0.038414 92.98999999999999
 0.46564 0.038444 93.095
 0.46956 0.038474 93.20099999999999
 0.47351 0.038504 93.306
 0.47748 0.038534 93.411
 0.48147 0.038565 93.51600000000001
 0.48549 0.038595 93.621
 0.48953 0.038625 93.726
 0.4936 0.038656 93.831
 0.49769 0.038686 93.93600000000001
 0.50181 0.038717 94.041
 0.50595 0.038748 94.146
 0.51011 0.038779 94.251
 0.5143 0.03881 94.35599999999999
 0.51852 0.038841 94.461
 0.52276 0.038872 94.566
 0.52702 0.038903 94.672
 0.53132 0.038935 94.777
 0.5356300000000001 0.038966 94.88200000000001
 0.53997 0.038998 94.98699999999999
 0.54434 0.039029 95.092
 0.5487300000000001 0.039061 95.197
 0.55315 0.039093 95.30200000000001
 0.55759 0.039125 95.407
 0.56206 0.039157 95.512
 0.56656 0.039189 95.617
 0.57108 0.039222 95.72199999999999
 0.57562 0.039254 95.827
 0.5802 0.039287 95.932
 0.5848 0.039319 96.03700000000001
 0.5894200000000001 0.039352 96.142
 0.5940800000000001 0.039385 96.248
 0.59875 0.039418 96.35299999999999
 0.60346 0.039451 96.458
 0.60819 0.039484 96.563
 0.61295 0.039517 96.66800000000001
 0.61774 0.039551 96.773
 0.62255 0.039584 96.878
 0.62739 0.039618 96.983
 0.63226 0.039652 97.08799999999999
 0.63715 0.039686 97.193
 0.64207 0.03972 97.298
 0.64702 0.039754 97.40300000000001
 0.652 0.039788 97.508
 0.657 0.039822 97.613
 0.66203 0.039857 97.718
 0.66709 0.039891 97.824
 0.67218 0.039926 97.929
 0.6772899999999999 0.039961 98.03400000000001
 0.68243 0.039996 98.139
 0.6876 0.040031 98.244
 0.6928 0.040066 98.349
 0.69803 0.040102 98.45399999999999
 0.70329 0.040137 98.559
 0.70857 0.040173 98.664
 0.71388 0.040209 98.76900000000001
 0.71922 0.040244 98.874
 0.72459 0.04028 98.979
 0.72999 0.040317 99.084
 0.73542 0.040353 99.18899999999999
 0.74088 0.040389 99.295
 0.74636 0.040426 99.40000000000001
 0.75188 0.040463 99.505
 0.75742 0.040499 99.61
 0.763 0.040536 99.715
 0.7685999999999999 0.040573 99.81999999999999
 0.77423 0.040611 99.925
 0.77989 0.040648 100.03
 0.78559 0.040686 100.14
 0.79131 0.040723 100.24
 0.79706 0.040761 100.35
 0.80284 0.040799 100.45
 0.80865 0.040837 100.56
 0.81449 0.040876 100.66
 0.82037 0.040914 100.77
 0.8262699999999999 0.040953 100.87
 0.8322000000000001 0.040991 100.98
 0.83817 0.04103 101.08
 0.84416 0.041069 101.19
 0.85018 0.041108 101.29
 0.85624 0.041148 101.4
 0.86233 0.041187 101.5
 0.86844 0.041227 101.61
 0.87459 0.041267 101.71
 0.8807700000000001 0.041307 101.82
 0.88698 0.041347 101.92
 0.89323 0.041387 102.03
 0.8995 0.041428 102.13
 0.90581 0.041469 102.24
 0.91214 0.041509 102.34
 0.91851 0.04155 102.45
 0.92491 0.041592 102.55
 0.9313399999999999 0.041633 102.66
 0.93781 0.041675 102.76
 0.94431 0.041716 102.87
 0.95084 0.041758 102.97
 0.9574 0.0418 103.08
 0.96399 0.041843 103.18
 0.97062 0.041885 103.29
 0.97728 0.041928 103.39
 0.98397 0.041971 103.5
 0.99069 0.042014 103.6
 0.9974499999999999 0.042057 103.71
 1.0042 0.0421 103.81
 1.0111 0.042144 103.92
 1.0179 0.042188 104.02
 1.0248 0.042232 104.13
 1.0317 0.042276 104.23
 1.0387 0.04232 104.34
 1.0457 0.042365 104.44
 1.0527 0.04241 104.55
 1.0598 0.042455 104.65
 1.0669 0.0425 104.76
 1.074 0.042545 104.86
 1.0811 0.042591 104.97
 1.0883 0.042637 105.07
 1.0956 0.042683 105.18
 1.1028 0.042729 105.28
 1.1101 0.042776 105.39
 1.1174 0.042823 105.49
 1.1248 0.04287 105.6
 1.1322 0.042917 105.7
 1.1396 0.042964 105.81
 1.1471 0.043012 105.91
 1.1546 0.04306 106.02
 1.1622 0.043108 106.12
 1.1697 0.043157 106.23
 1.1773 0.043205 106.33
 1.185 0.043254 106.44
 1.1927 0.043303 106.54
 1.2004 0.043353 106.65
 1.2081 0.043402 106.75
 1.2159 0.043452 106.86
 1.2238 0.043503 106.96
 1.2316 0.043553 107.07
 1.2395 0.043604 107.17
 1.2475 0.043655 107.28
 1.2554 0.043706 107.38
 1.2634 0.043757 107.49
 1.2715 0.043809 107.59
 1.2796 0.043861 107.7
 1.2877 0.043914 107.81
 1.2958 0.043966 107.91
 1.304 0.044019 108.02
 1.3122 0.044072 108.12
 1.3205 0.044126 108.23
 1.3288 0.04418 108.33
 1.3371 0.044234 108.44
 1.3455 0.044288 108.54
 1.3539 0.044343 108.65
 1.3624 0.044398 108.75
 1.3709 0.044453 108.86
 1.3794 0.044509 108.96
 1.388 0.044565 109.07
 1.3966 0.044621 109.17
 1.3966 0.044621 109.17
 1.4052 0.044678 109.28
 1.4052 0.044678 109.28
 1.4139 0.044735 109.38
 1.4139 0.044735 109.38
 1.4226 0.044792 109.49
 1.4226 0.044792 109.49
 1.4226 0.044792 109.49
 1.4226 0.044792 109.49
 1.4314 0.04485 109.59
 1.4314 0.04485 109.59
 1.4314 0.04485 109.59
 1.4314 0.04485 109.59
 1.4402 0.044908 109.7
 1.4402 0.044908 109.7
 1.4402 0.044908 109.7
 1.4402 0.044908 109.7
 1.4402 0.044908 109.7
 1.449 0.044966 109.8
 1.449 0.044966 109.8
 1.449 0.044966 109.8
 1.449 0.044966 109.8
 1.449 0.044966 109.8
 1.4579 0.045025 109.91
 1.4579 0.045025 109.91
 1.4579 0.045025 109.91
 1.4579 0.045025 109.91
 1.4579 0.045025 109.91
 1.4668 0.045084 110.01
 1.4668 0.045084 110.01
 1.4668 0.045084 110.01
 1.4668 0.045084 110.01
 1.4668 0.045084 110.01
 1.4757 0.045143 110.12
 1.4757 0.045143 110.12
 1.4757 0.045143 110.12
 1.4757 0.045143 110.12
 1.4757 0.045143 110.12
 1.4847 0.045203 110.22
 1.4847 0.045203 110.22
 1.4847 0.045203 110.22
 1.4847 0.045203 110.22
 1.4847 0.045203 110.22
 1.4938 0.045263 110.33
 1.4938 0.045263 110.33
 1.4938 0.045263 110.33
 1.4938 0.045263 110.33
 1.5028 0.045324 110.43
 1.5028 0.045324 110.43
 1.5028 0.045324 110.43
 1.5028 0.045324 110.43
 1.5119 0.045385 110.54
 1.5119 0.045385 110.54
 1.5211 0.045446 110.64
 1.5211 0.045446 110.64
 1.5303 0.045508 110.75
 1.5303 0.045508 110.75
 1.5395 0.04557 110.85
 1.5488 0.045632 110.96
 1.5581 0.045695 111.06
 1.5674 0.045758 111.17
 1.5768 0.045822 111.27
 1.5862 0.045886 111.38
 1.5957 0.045951 111.48
 1.6052 0.046016 111.59
 1.6148 0.046081 111.69
 1.6244 0.046147 111.8
 1.634 0.046214 111.9
 1.6437 0.04628 112.01
 1.6534 0.046348 112.11
 1.6632 0.046415 112.22
 1.673 0.046484 112.32
 1.6828 0.046552 112.43
 1.6927 0.046622 112.53
 1.7026 0.046691 112.64
 1.7126 0.046762 112.74
 1.7226 0.046832 112.85
 1.7326 0.046903 112.95
 1.7427 0.046975 113.06
 1.7529 0.047048 113.16
 1.763 0.04712 113.27
 1.7733 0.047194 113.37
 1.7835 0.047268 113.48
 1.7938 0.047342 113.58
 1.8042 0.047417 113.69
 1.8146 0.047493 113.79
 1.825 0.047569 113.9
 1.8355 0.047646 114
 1.846 0.047724 114.11
 1.8566 0.047802 114.21
 1.8672 0.047881 114.32
 1.8779 0.04796 114.42
 1.8886 0.04804 114.53
 1.8993 0.048121 114.63
 1.9101 0.048202 114.74
 1.9209 0.048284 114.84
 1.9318 0.048367 114.95
 1.9427 0.048451 115.05
 1.9537 0.048535 115.16
 1.9647 0.04862 115.26
 1.9758 0.048706 115.37
 1.9869 0.048792 115.48
 1.998 0.04888 115.58
 2.0092 0.048968 115.69
 2.0205 0.049057 115.79
 2.0318 0.049146 115.9
 2.0431 0.049237 116
 2.0545 0.049328 116.11
 2.0659 0.049421 116.21
 2.0774 0.049514 116.32
 2.0889 0.049608 116.42
 2.1005 0.049703 116.53
 2.1121 0.049799 116.63
 2.1238 0.049896 116.74
 2.1355 0.049994 116.84
 2.1472 0.050092 116.95
 2.159 0.050192 117.05
 2.1709 0.050293 117.16
 2.1828 0.050395 117.26
 2.1947 0.050498 117.37
 2.2067 0.050603 117.47
 2.2188 0.050708 117.58
 2.2309 0.050815 117.68
 2.243 0.050922 117.79
 2.2552 0.051031 117.89
 2.2675 0.051141 118
 2.2797 0.051253 118.1
 2.2921 0.051365 118.21
 2.3045 0.05148 118.31
 2.3169 0.051595 118.42
 2.3294 0.051712 118.52
 2.342 0.05183 118.63
 2.3546 0.05195 118.73
 2.3672 0.052071 118.84
 2.3799 0.052194 118.94
 2.3926 0.052318 119.05
 2.4054 0.052444 119.15
 2.4183 0.052572 119.26
 2.4312 0.052701 119.36
 2.4441 0.052833 119.47
 2.4571 0.052966 119.57
 2.4702 0.053101 119.68
 2.4833 0.053237 119.78
 2.4965 0.053376 119.89
 2.5097 0.053517 119.99
 2.523 0.05366 120.1
 2.5363 0.053805 120.2
 2.5497 0.053953 120.31
 2.5631 0.054102 120.41
 2.5766 0.054254 120.52
 2.5901 0.054409 120.62
 2.6037 0.054566 120.73
 2.6174 0.054726 120.83
 2.6311 0.054888 120.94
 2.6448 0.055054 121.04
 2.6587 0.055222 121.15
 2.6725 0.055394 121.25
 2.6865 0.055568 121.36
 2.7004 0.055746 121.46
 2.7145 0.055928 121.57
 2.7286 0.056113 121.67
 2.7428 0.056301 121.78
 2.757 0.056494 121.88
 2.7712 0.056691 121.99
 2.7856 0.056891 122.09
 2.8 0.057097 122.2
 2.8144 0.057307 122.3
 2.8289 0.057522 122.41
 2.8435 0.057742 122.51
 2.8581 0.057968 122.62
 2.8728 0.058199 122.72
 2.8876 0.058436 122.83
 2.9024 0.05868 122.93
 2.9173 0.05893 123.04
 2.9322 0.059187 123.15
 2.9472 0.059453 123.25
 2.9623 0.059726 123.36
 2.9774 0.060007 123.46
 2.9926 0.060298 123.57
 3.0079 0.060599 123.67
 3.0232 0.060911 123.78
 3.0386 0.061234 123.88
 3.054 0.061569 123.99
 3.0696 0.061918 124.09
 3.0852 0.062281 124.2
 3.1008 0.06265999999999999 124.3
 3.1166 0.063058 124.41
 3.1324 0.063474 124.51
 3.1482 0.063913 124.62
 3.1642 0.064375 124.72
 3.1802 0.06486500000000001 124.83
 3.1963 0.065387 124.93
 3.2125 0.065944 125.04
 3.2287 0.066543 125.14
 3.245 0.067191 125.25
 3.2614 0.067898 125.35
 3.2779 0.068678 125.46
 3.2945 0.069549 125.56
 3.3111 0.07054100000000001 125.67
 3.3278 0.071698 125.77
 3.3447 0.0731 125.88
 3.3616 0.074916 125.98
 3.3786 0.07763200000000001 126.09
 3.3958 0.08941399999999999 126.19


# name: nitrogen_vapor_pvt_surface_data
# type: matrix
# rows: 801
# columns: 3
 0.01252 41.546 63.151
 0.012764 40.815 63.256
 0.013011 40.099 63.361
 0.013263 39.398 63.466
 0.013518 38.712 63.571
 0.013778 38.04 63.676
 0.014041 37.383 63.781
 0.014309 36.739 63.886
 0.01458 36.108 63.992
 0.014856 35.491 64.09699999999999
 0.015136 34.887 64.202
 0.01542 34.295 64.307
 0.015709 33.715 64.41200000000001
 0.016001 33.147 64.517
 0.016298 32.59 64.622
 0.0166 32.045 64.727
 0.016906 31.511 64.83199999999999
 0.017217 30.988 64.937
 0.017532 30.475 65.042
 0.017851 29.973 65.14700000000001
 0.018176 29.481 65.252
 0.018505 28.998 65.357
 0.018839 28.525 65.46299999999999
 0.019177 28.062 65.568
 0.019521 27.607 65.673
 0.019869 27.162 65.77800000000001
 0.020223 26.725 65.883
 0.020581 26.297 65.988
 0.020944 25.877 66.093
 0.021313 25.466 66.19799999999999
 0.021687 25.062 66.303
 0.022066 24.666 66.408
 0.02245 24.278 66.51300000000001
 0.022839 23.897 66.61799999999999
 0.023234 23.523 66.723
 0.023634 23.157 66.828
 0.02404 22.797 66.93300000000001
 0.024451 22.445 67.039
 0.024868 22.099 67.14400000000001
 0.025291 21.759 67.249
 0.025719 21.426 67.354
 0.026153 21.099 67.459
 0.026593 20.779 67.56399999999999
 0.027038 20.464 67.669
 0.02749 20.155 67.774
 0.027947 19.851 67.879
 0.028411 19.554 67.98399999999999
 0.02888 19.261 68.089
 0.029356 18.975 68.194
 0.029838 18.693 68.29900000000001
 0.030326 18.416 68.404
 0.03082 18.145 68.509
 0.031321 17.878 68.61499999999999
 0.031828 17.616 68.72
 0.032342 17.359 68.825
 0.032862 17.107 68.93000000000001
 0.033388 16.859 69.035
 0.033922 16.615 69.14
 0.034462 16.376 69.245
 0.035009 16.14 69.34999999999999
 0.035562 15.91 69.455
 0.036123 15.683 69.56
 0.03669 15.46 69.66500000000001
 0.037264 15.241 69.77
 0.037846 15.026 69.875
 0.038434 14.814 69.98
 0.03903 14.606 70.086
 0.039633 14.402 70.191
 0.040243 14.201 70.29600000000001
 0.040861 14.004 70.401
 0.041486 13.81 70.506
 0.042118 13.619 70.611
 0.042758 13.432 70.71599999999999
 0.043406 13.248 70.821
 0.044061 13.067 70.926
 0.044724 12.889 71.03100000000001
 0.045395 12.714 71.136
 0.046074 12.542 71.241
 0.04676 12.372 71.346
 0.047455 12.206 71.45099999999999
 0.048157 12.042 71.556
 0.048868 11.881 71.66200000000001
 0.049587 11.723 71.767
 0.050314 11.567 71.872
 0.051049 11.414 71.977
 0.051793 11.263 72.08199999999999
 0.052545 11.115 72.187
 0.053305 10.969 72.292
 0.054074 10.826 72.39700000000001
 0.054852 10.685 72.502
 0.055638 10.546 72.607
 0.056433 10.409 72.712
 0.057237 10.275 72.81699999999999
 0.05805 10.142 72.922
 0.058872 10.012 73.027
 0.059702 9.8841 73.13200000000001
 0.060542 9.757999999999999 73.238
 0.061391 9.633900000000001 73.343
 0.062249 9.511799999999999 73.44799999999999
 0.06311700000000001 9.391500000000001 73.553
 0.06399299999999999 9.273199999999999 73.658
 0.06487900000000001 9.156599999999999 73.76300000000001
 0.065775 9.0419 73.86799999999999
 0.06668 8.929 73.973
 0.067595 8.8178 74.078
 0.068519 8.708399999999999 74.18300000000001
 0.069453 8.6006 74.288
 0.070397 8.494400000000001 74.393
 0.071351 8.389900000000001 74.498
 0.072315 8.287000000000001 74.60299999999999
 0.07328800000000001 8.185600000000001 74.709
 0.074272 8.085800000000001 74.81399999999999
 0.075266 7.9875 74.919
 0.07627 7.8907 75.024
 0.07728500000000001 7.7953 75.129
 0.07831 7.7014 75.23399999999999
 0.079345 7.6088 75.339
 0.080391 7.5176 75.444
 0.08144700000000001 7.4278 75.54900000000001
 0.082514 7.3394 75.654
 0.083591 7.2522 75.759
 0.08468000000000001 7.1663 75.864
 0.08577899999999999 7.0817 75.96899999999999
 0.08688899999999999 6.9983 76.074
 0.08801 6.9161 76.179
 0.089143 6.8351 76.285
 0.09028600000000001 6.7554 76.39
 0.09144099999999999 6.6767 76.495
 0.09260599999999999 6.5992 76.59999999999999
 0.09378400000000001 6.5228 76.705
 0.094972 6.4475 76.81
 0.09617199999999999 6.3733 76.91500000000001
 0.09617199999999999 6.3733 76.91500000000001
 0.097384 6.3002 77.02
 0.098607 6.2281 77.125
 0.099842 6.157 77.23
 0.10109 6.0869 77.33499999999999
 0.10235 6.0179 77.44
 0.10362 5.9497 77.545
 0.1049 5.8826 77.65000000000001
 0.1062 5.8164 77.755
 0.1075 5.7511 77.861
 0.10882 5.6867 77.96599999999999
 0.11015 5.6233 78.071
 0.1115 5.5607 78.176
 0.11285 5.4989 78.28100000000001
 0.11422 5.4381 78.386
 0.1156 5.378 78.491
 0.117 5.3188 78.596
 0.1184 5.2604 78.70099999999999
 0.11982 5.2028 78.806
 0.12125 5.146 78.911
 0.1227 5.0899 79.01600000000001
 0.12416 5.0346 79.121
 0.12563 4.9801 79.226
 0.12711 4.9263 79.33199999999999
 0.12861 4.8732 79.437
 0.13012 4.8208 79.542
 0.13165 4.7691 79.64700000000001
 0.13318 4.7181 79.752
 0.13474 4.6678 79.857
 0.1363 4.6182 79.962
 0.13788 4.5692 80.06699999999999
 0.13947 4.5209 80.172
 0.14108 4.4732 80.277
 0.1427 4.4261 80.38200000000001
 0.14433 4.3796 80.48699999999999
 0.14598 4.3338 80.592
 0.14765 4.2885 80.697
 0.14932 4.2439 80.80200000000001
 0.15101 4.1998 80.908
 0.15272 4.1562 81.01300000000001
 0.15444 4.1133 81.11799999999999
 0.15618 4.0709 81.223
 0.15792 4.029 81.328
 0.15969 3.9877 81.43300000000001
 0.16147 3.9469 81.538
 0.16326 3.9066 81.643
 0.16507 3.8668 81.748
 0.16689 3.8276 81.85299999999999
 0.16873 3.7888 81.958
 0.17059 3.7505 82.063
 0.17246 3.7127 82.16800000000001
 0.17434 3.6754 82.273
 0.17624 3.6385 82.379
 0.17816 3.6021 82.48399999999999
 0.18009 3.5662 82.589
 0.18203 3.5307 82.694
 0.184 3.4956 82.79900000000001
 0.18597 3.461 82.904
 0.18797 3.4268 83.009
 0.18998 3.393 83.114
 0.192 3.3596 83.21899999999999
 0.19405 3.3267 83.324
 0.1961 3.2941 83.429
 0.19818 3.2619 83.53400000000001
 0.20027 3.2302 83.639
 0.20238 3.1988 83.744
 0.2045 3.1678 83.849
 0.20664 3.1371 83.955
 0.2088 3.1069 84.06
 0.21097 3.077 84.16500000000001
 0.21316 3.0474 84.27
 0.21537 3.0182 84.375
 0.2176 2.9894 84.48
 0.21984 2.9609 84.58499999999999
 0.2221 2.9327 84.69
 0.22437 2.9048 84.795
 0.22667 2.8773 84.90000000000001
 0.22898 2.8502 85.005
 0.23131 2.8233 85.11
 0.23365 2.7967 85.215
 0.23602 2.7705 85.31999999999999
 0.2384 2.7446 85.425
 0.2408 2.7189 85.53100000000001
 0.24321 2.6936 85.636
 0.24565 2.6685 85.741
 0.2481 2.6438 85.846
 0.25057 2.6193 85.95099999999999
 0.25306 2.5951 86.056
 0.25557 2.5712 86.161
 0.2581 2.5475 86.26600000000001
 0.26064 2.5242 86.371
 0.26064 2.5242 86.371
 0.2632 2.5011 86.476
 0.26579 2.4782 86.581
 0.26839 2.4556 86.68600000000001
 0.271 2.4333 86.791
 0.27364 2.4112 86.896
 0.2763 2.3894 87.002
 0.27897 2.3678 87.107
 0.28167 2.3464 87.212
 0.28438 2.3253 87.31699999999999
 0.28712 2.3045 87.422
 0.28987 2.2838 87.527
 0.29264 2.2634 87.63200000000001
 0.29543 2.2432 87.73699999999999
 0.29825 2.2232 87.842
 0.30108 2.2035 87.947
 0.30393 2.184 88.05200000000001
 0.3068 2.1646 88.157
 0.30969 2.1455 88.262
 0.3126 2.1266 88.367
 0.3126 2.1266 88.367
 0.31553 2.108 88.47199999999999
 0.31848 2.0895 88.578
 0.32145 2.0712 88.68300000000001
 0.32444 2.0531 88.788
 0.32745 2.0352 88.893
 0.33049 2.0175 88.998
 0.33354 2 89.10299999999999
 0.33661 1.9826 89.208
 0.33971 1.9655 89.313
 0.34282 1.9485 89.41800000000001
 0.34282 1.9485 89.41800000000001
 0.34596 1.9317 89.523
 0.34912 1.9151 89.628
 0.35229 1.8987 89.733
 0.35549 1.8824 89.83799999999999
 0.35871 1.8664 89.943
 0.36196 1.8504 90.048
 0.36522 1.8347 90.154
 0.36851 1.8191 90.259
 0.37181 1.8037 90.364
 0.37181 1.8037 90.364
 0.37514 1.7884 90.46899999999999
 0.37849 1.7733 90.574
 0.38186 1.7584 90.679
 0.38526 1.7436 90.78400000000001
 0.38867 1.729 90.889
 0.39211 1.7145 90.994
 0.39557 1.7001 91.099
 0.39905 1.6859 91.20399999999999
 0.40256 1.6719 91.309
 0.40256 1.6719 91.309
 0.40608 1.658 91.414
 0.40963 1.6442 91.51900000000001
 0.41321 1.6306 91.625
 0.4168 1.6171 91.73
 0.42042 1.6037 91.83499999999999
 0.42406 1.5905 91.94
 0.42772 1.5774 92.045
 0.43141 1.5645 92.15000000000001
 0.43512 1.5517 92.255
 0.43885 1.539 92.36
 0.44261 1.5264 92.465
 0.44639 1.514 92.56999999999999
 0.45019 1.5016 92.675
 0.45402 1.4895 92.78
 0.45787 1.4774 92.88500000000001
 0.46174 1.4654 92.98999999999999
 0.46174 1.4654 92.98999999999999
 0.46564 1.4536 93.095
 0.46956 1.4419 93.20099999999999
 0.47351 1.4302 93.306
 0.47748 1.4187 93.411
 0.48147 1.4074 93.51600000000001
 0.48549 1.3961 93.621
 0.48953 1.3849 93.726
 0.4936 1.3739 93.831
 0.49769 1.3629 93.93600000000001
 0.50181 1.3521 94.041
 0.50595 1.3413 94.146
 0.51011 1.3307 94.251
 0.5143 1.3202 94.35599999999999
 0.51852 1.3097 94.461
 0.51852 1.3097 94.461
 0.52276 1.2994 94.566
 0.52702 1.2892 94.672
 0.53132 1.279 94.777
 0.5356300000000001 1.269 94.88200000000001
 0.53997 1.259 94.98699999999999
 0.54434 1.2492 95.092
 0.5487300000000001 1.2394 95.197
 0.55315 1.2298 95.30200000000001
 0.55315 1.2298 95.30200000000001
 0.55759 1.2202 95.407
 0.56206 1.2107 95.512
 0.56206 1.2107 95.512
 0.56656 1.2013 95.617
 0.57108 1.192 95.72199999999999
 0.57562 1.1828 95.827
 0.5802 1.1736 95.932
 0.5848 1.1646 96.03700000000001
 0.5848 1.1646 96.03700000000001
 0.5894200000000001 1.1556 96.142
 0.5940800000000001 1.1467 96.248
 0.59875 1.1379 96.35299999999999
 0.60346 1.1292 96.458
 0.60819 1.1205 96.563
 0.61295 1.112 96.66800000000001
 0.61774 1.1035 96.773
 0.62255 1.0951 96.878
 0.62255 1.0951 96.878
 0.62739 1.0867 96.983
 0.63226 1.0785 97.08799999999999
 0.63715 1.0703 97.193
 0.64207 1.0622 97.298
 0.64207 1.0622 97.298
 0.64207 1.0622 97.298
 0.64702 1.0541 97.40300000000001
 0.64702 1.0541 97.40300000000001
 0.652 1.0461 97.508
 0.652 1.0461 97.508
 0.652 1.0461 97.508
 0.657 1.0383 97.613
 0.657 1.0383 97.613
 0.657 1.0383 97.613
 0.657 1.0383 97.613
 0.66203 1.0304 97.718
 0.66203 1.0304 97.718
 0.66203 1.0304 97.718
 0.66709 1.0227 97.824
 0.66709 1.0227 97.824
 0.66709 1.0227 97.824
 0.67218 1.015 97.929
 0.67218 1.015 97.929
 0.6772899999999999 1.0074 98.03400000000001
 0.6772899999999999 1.0074 98.03400000000001
 0.68243 0.99982 98.139
 0.68243 0.99982 98.139
 0.68243 0.99982 98.139
 0.68243 0.99982 98.139
 0.68243 0.99982 98.139
 0.68243 0.99982 98.139
 0.68243 0.99982 98.139
 0.6876 0.99233 98.244
 0.6876 0.99233 98.244
 0.6876 0.99233 98.244
 0.6876 0.99233 98.244
 0.6876 0.99233 98.244
 0.6876 0.99233 98.244
 0.6928 0.98492 98.349
 0.6928 0.98492 98.349
 0.6928 0.98492 98.349
 0.6928 0.98492 98.349
 0.6928 0.98492 98.349
 0.6928 0.98492 98.349
 0.69803 0.97756 98.45399999999999
 0.69803 0.97756 98.45399999999999
 0.69803 0.97756 98.45399999999999
 0.69803 0.97756 98.45399999999999
 0.69803 0.97756 98.45399999999999
 0.69803 0.97756 98.45399999999999
 0.69803 0.97756 98.45399999999999
 0.69803 0.97756 98.45399999999999
 0.70329 0.97027 98.559
 0.70329 0.97027 98.559
 0.70329 0.97027 98.559
 0.70329 0.97027 98.559
 0.70329 0.97027 98.559
 0.70329 0.97027 98.559
 0.70857 0.96305 98.664
 0.70857 0.96305 98.664
 0.71388 0.95589 98.76900000000001
 0.71388 0.95589 98.76900000000001
 0.71388 0.95589 98.76900000000001
 0.71388 0.95589 98.76900000000001
 0.71922 0.94879 98.874
 0.71922 0.94879 98.874
 0.72459 0.94176 98.979
 0.72459 0.94176 98.979
 0.72999 0.9347800000000001 99.084
 0.72999 0.9347800000000001 99.084
 0.73542 0.92787 99.18899999999999
 0.73542 0.92787 99.18899999999999
 0.73542 0.92787 99.18899999999999
 0.73542 0.92787 99.18899999999999
 0.73542 0.92787 99.18899999999999
 0.73542 0.92787 99.18899999999999
 0.74088 0.92101 99.295
 0.74088 0.92101 99.295
 0.74088 0.92101 99.295
 0.74088 0.92101 99.295
 0.74088 0.92101 99.295
 0.74088 0.92101 99.295
 0.74636 0.91421 99.40000000000001
 0.74636 0.91421 99.40000000000001
 0.74636 0.91421 99.40000000000001
 0.74636 0.91421 99.40000000000001
 0.74636 0.91421 99.40000000000001
 0.74636 0.91421 99.40000000000001
 0.74636 0.91421 99.40000000000001
 0.75188 0.90748 99.505
 0.75188 0.90748 99.505
 0.75188 0.90748 99.505
 0.75188 0.90748 99.505
 0.75188 0.90748 99.505
 0.75188 0.90748 99.505
 0.75742 0.9008 99.61
 0.75742 0.9008 99.61
 0.75742 0.9008 99.61
 0.763 0.89418 99.715
 0.763 0.89418 99.715
 0.763 0.89418 99.715
 0.7685999999999999 0.88761 99.81999999999999
 0.7685999999999999 0.88761 99.81999999999999
 0.77423 0.8811 99.925
 0.77423 0.8811 99.925
 0.77423 0.8811 99.925
 0.77423 0.8811 99.925
 0.77989 0.87465 100.03
 0.77989 0.87465 100.03
 0.77989 0.87465 100.03
 0.77989 0.87465 100.03
 0.78559 0.86825 100.14
 0.78559 0.86825 100.14
 0.78559 0.86825 100.14
 0.79131 0.86191 100.24
 0.79131 0.86191 100.24
 0.79131 0.86191 100.24
 0.79131 0.86191 100.24
 0.79706 0.85562 100.35
 0.79706 0.85562 100.35
 0.79706 0.85562 100.35
 0.80284 0.84938 100.45
 0.80284 0.84938 100.45
 0.80284 0.84938 100.45
 0.80865 0.84319 100.56
 0.81449 0.83706 100.66
 0.82037 0.8309800000000001 100.77
 0.82037 0.8309800000000001 100.77
 0.82037 0.8309800000000001 100.77
 0.8262699999999999 0.82495 100.87
 0.8262699999999999 0.82495 100.87
 0.8262699999999999 0.82495 100.87
 0.8322000000000001 0.81897 100.98
 0.83817 0.81304 101.08
 0.83817 0.81304 101.08
 0.83817 0.81304 101.08
 0.84416 0.80716 101.19
 0.84416 0.80716 101.19
 0.84416 0.80716 101.19
 0.84416 0.80716 101.19
 0.85018 0.80133 101.29
 0.85018 0.80133 101.29
 0.85018 0.80133 101.29
 0.85624 0.79555 101.4
 0.85624 0.79555 101.4
 0.85624 0.79555 101.4
 0.85624 0.79555 101.4
 0.86233 0.78981 101.5
 0.86233 0.78981 101.5
 0.86233 0.78981 101.5
 0.86233 0.78981 101.5
 0.86233 0.78981 101.5
 0.86844 0.78412 101.61
 0.86844 0.78412 101.61
 0.86844 0.78412 101.61
 0.86844 0.78412 101.61
 0.86844 0.78412 101.61
 0.86844 0.78412 101.61
 0.87459 0.7784799999999999 101.71
 0.8807700000000001 0.77289 101.82
 0.8807700000000001 0.77289 101.82
 0.8807700000000001 0.77289 101.82
 0.88698 0.76734 101.92
 0.88698 0.76734 101.92
 0.88698 0.76734 101.92
 0.88698 0.76734 101.92
 0.89323 0.76183 102.03
 0.89323 0.76183 102.03
 0.89323 0.76183 102.03
 0.89323 0.76183 102.03
 0.8995 0.7563800000000001 102.13
 0.8995 0.7563800000000001 102.13
 0.8995 0.7563800000000001 102.13
 0.8995 0.7563800000000001 102.13
 0.90581 0.75096 102.24
 0.90581 0.75096 102.24
 0.90581 0.75096 102.24
 0.90581 0.75096 102.24
 0.91214 0.74559 102.34
 0.91214 0.74559 102.34
 0.91214 0.74559 102.34
 0.91214 0.74559 102.34
 0.91851 0.74027 102.45
 0.91851 0.74027 102.45
 0.91851 0.74027 102.45
 0.91851 0.74027 102.45
 0.91851 0.74027 102.45
 0.91851 0.74027 102.45
 0.92491 0.73498 102.55
 0.92491 0.73498 102.55
 0.92491 0.73498 102.55
 0.92491 0.73498 102.55
 0.92491 0.73498 102.55
 0.92491 0.73498 102.55
 0.9313399999999999 0.7297400000000001 102.66
 0.9313399999999999 0.7297400000000001 102.66
 0.9313399999999999 0.7297400000000001 102.66
 0.9313399999999999 0.7297400000000001 102.66
 0.9313399999999999 0.7297400000000001 102.66
 0.9313399999999999 0.7297400000000001 102.66
 0.93781 0.72454 102.76
 0.93781 0.72454 102.76
 0.93781 0.72454 102.76
 0.93781 0.72454 102.76
 0.93781 0.72454 102.76
 0.94431 0.71939 102.87
 0.94431 0.71939 102.87
 0.94431 0.71939 102.87
 0.94431 0.71939 102.87
 0.94431 0.71939 102.87
 0.95084 0.71427 102.97
 0.95084 0.71427 102.97
 0.95084 0.71427 102.97
 0.95084 0.71427 102.97
 0.95084 0.71427 102.97
 0.9574 0.7092000000000001 103.08
 0.9574 0.7092000000000001 103.08
 0.9574 0.7092000000000001 103.08
 0.9574 0.7092000000000001 103.08
 0.9574 0.7092000000000001 103.08
 0.9574 0.7092000000000001 103.08
 0.96399 0.70417 103.18
 0.96399 0.70417 103.18
 0.96399 0.70417 103.18
 0.96399 0.70417 103.18
 0.96399 0.70417 103.18
 0.96399 0.70417 103.18
 0.97062 0.69917 103.29
 0.97062 0.69917 103.29
 0.97062 0.69917 103.29
 0.97728 0.6942199999999999 103.39
 0.97728 0.6942199999999999 103.39
 0.98397 0.6893 103.5
 0.98397 0.6893 103.5
 0.98397 0.6893 103.5
 0.99069 0.68443 103.6
 0.99069 0.68443 103.6
 0.9974499999999999 0.67959 103.71
 1.0042 0.67479 103.81
 1.0042 0.67479 103.81
 1.0042 0.67479 103.81
 1.0111 0.67003 103.92
 1.0179 0.66531 104.02
 1.0248 0.66062 104.13
 1.0317 0.6559700000000001 104.23
 1.0317 0.6559700000000001 104.23
 1.0387 0.6513600000000001 104.34
 1.0457 0.64678 104.44
 1.0527 0.64224 104.55
 1.0527 0.64224 104.55
 1.0598 0.63773 104.65
 1.0669 0.63326 104.76
 1.074 0.62882 104.86
 1.0811 0.62442 104.97
 1.0883 0.62005 105.07
 1.0883 0.62005 105.07
 1.0956 0.61571 105.18
 1.1028 0.61141 105.28
 1.1028 0.61141 105.28
 1.1101 0.60714 105.39
 1.1174 0.6029 105.49
 1.1248 0.5987 105.6
 1.1322 0.59452 105.7
 1.1322 0.59452 105.7
 1.1396 0.59038 105.81
 1.1471 0.58627 105.91
 1.1546 0.58219 106.02
 1.1546 0.58219 106.02
 1.1622 0.57814 106.12
 1.1697 0.57412 106.23
 1.1773 0.57013 106.33
 1.185 0.56617 106.44
 1.1927 0.56224 106.54
 1.2004 0.5583399999999999 106.65
 1.2081 0.55447 106.75
 1.2159 0.55063 106.86
 1.2238 0.54681 106.96
 1.2316 0.5430199999999999 107.07
 1.2395 0.53926 107.17
 1.2475 0.53553 107.28
 1.2554 0.53183 107.38
 1.2634 0.52815 107.49
 1.2715 0.5245 107.59
 1.2715 0.5245 107.59
 1.2796 0.5208700000000001 107.7
 1.2877 0.51727 107.81
 1.2958 0.5137 107.91
 1.304 0.51015 108.02
 1.304 0.51015 108.02
 1.3122 0.50663 108.12
 1.3122 0.50663 108.12
 1.3205 0.50314 108.23
 1.3288 0.49966 108.33
 1.3371 0.49622 108.44
 1.3455 0.49279 108.54
 1.3539 0.4894 108.65
 1.3624 0.48602 108.75
 1.3709 0.48267 108.86
 1.3794 0.47934 108.96
 1.388 0.47604 109.07
 1.3966 0.47276 109.17
 1.4052 0.4695 109.28
 1.4139 0.46626 109.38
 1.4226 0.46305 109.49
 1.4314 0.45986 109.59
 1.4402 0.45669 109.7
 1.449 0.45354 109.8
 1.4579 0.45042 109.91
 1.4668 0.44731 110.01
 1.4757 0.44423 110.12
 1.4847 0.44117 110.22
 1.4938 0.43813 110.33
 1.5028 0.4351 110.43
 1.5028 0.4351 110.43
 1.5028 0.4351 110.43
 1.5119 0.4321 110.54
 1.5211 0.42912 110.64
 1.5303 0.42616 110.75
 1.5395 0.42322 110.85
 1.5488 0.4203 110.96
 1.5581 0.4174 111.06
 1.5674 0.41451 111.17
 1.5768 0.41165 111.27
 1.5862 0.4088 111.38
 1.5957 0.40598 111.48
 1.6052 0.40317 111.59
 1.6148 0.40038 111.69
 1.6244 0.39761 111.8
 1.634 0.39485 111.9
 1.6437 0.39212 112.01
 1.6534 0.3894 112.11
 1.6632 0.38669 112.22
 1.673 0.38401 112.32
 1.6828 0.38134 112.43
 1.6927 0.37869 112.53
 1.6927 0.37869 112.53
 1.7026 0.37606 112.64
 1.7126 0.37344 112.74
 1.7226 0.37084 112.85
 1.7326 0.36825 112.95
 1.7427 0.36569 113.06
 1.7529 0.36313 113.16
 1.763 0.3606 113.27
 1.7733 0.35807 113.37
 1.7835 0.35557 113.48
 1.7938 0.35308 113.58
 1.8042 0.3506 113.69
 1.8146 0.34814 113.79
 1.825 0.34569 113.9
 1.8355 0.34326 114
 1.846 0.34084 114.11
 1.8566 0.33844 114.21
 1.8672 0.33605 114.32
 1.8779 0.33368 114.42
 1.8886 0.33132 114.53
 1.8993 0.32897 114.63
 1.9101 0.32664 114.74
 1.9209 0.32432 114.84
 1.9318 0.32201 114.95
 1.9427 0.31972 115.05
 1.9537 0.31743 115.16
 1.9647 0.31517 115.26
 1.9758 0.31291 115.37
 1.9869 0.31067 115.48
 1.998 0.30844 115.58
 2.0092 0.30622 115.69
 2.0205 0.30401 115.79
 2.0318 0.30182 115.9
 2.0431 0.29964 116
 2.0545 0.29747 116.11
 2.0659 0.29531 116.21
 2.0774 0.29316 116.32
 2.0889 0.29102 116.42
 2.1005 0.2889 116.53
 2.1121 0.28679 116.63
 2.1238 0.28468 116.74
 2.1238 0.28468 116.74
 2.1355 0.28259 116.84
 2.1472 0.28051 116.95
 2.159 0.27844 117.05
 2.1709 0.27638 117.16
 2.1828 0.27432 117.26
 2.1947 0.27228 117.37
 2.2067 0.27025 117.47
 2.2188 0.26823 117.58
 2.2309 0.26622 117.68
 2.243 0.26422 117.79
 2.2552 0.26222 117.89
 2.2675 0.26024 118
 2.2797 0.25826 118.1
 2.2921 0.2563 118.21
 2.3045 0.25434 118.31
 2.3169 0.25239 118.42
 2.3294 0.25045 118.52
 2.342 0.24852 118.63
 2.3546 0.24659 118.73
 2.3672 0.24468 118.84
 2.3799 0.24277 118.94
 2.3926 0.24087 119.05
 2.4054 0.23897 119.15
 2.4183 0.23709 119.26
 2.4312 0.23521 119.36
 2.4441 0.23334 119.47
 2.4571 0.23147 119.57
 2.4702 0.22961 119.68
 2.4833 0.22776 119.78
 2.4965 0.22591 119.89
 2.5097 0.22407 119.99
 2.523 0.22224 120.1
 2.5363 0.22041 120.2
 2.5497 0.21858 120.31
 2.5631 0.21677 120.41
 2.5766 0.21495 120.52
 2.5901 0.21314 120.62
 2.6037 0.21134 120.73
 2.6174 0.20954 120.83
 2.6311 0.20774 120.94
 2.6448 0.20595 121.04
 2.6587 0.20416 121.15
 2.6725 0.20238 121.25
 2.6865 0.2006 121.36
 2.7004 0.19882 121.46
 2.7145 0.19704 121.57
 2.7286 0.19526 121.67
 2.7428 0.19349 121.78
 2.757 0.19172 121.88
 2.7712 0.18995 121.99
 2.7856 0.18818 122.09
 2.8 0.18641 122.2
 2.8144 0.18464 122.3
 2.8289 0.18287 122.41
 2.8435 0.18109 122.51
 2.8581 0.17932 122.62
 2.8728 0.17754 122.72
 2.8876 0.17576 122.83
 2.9024 0.17398 122.93
 2.9173 0.17219 123.04
 2.9322 0.1704 123.15
 2.9472 0.1686 123.25
 2.9623 0.1668 123.36
 2.9774 0.16499 123.46
 2.9926 0.16317 123.57
 3.0079 0.16134 123.67
 3.0232 0.1595 123.78
 3.0386 0.15764 123.88
 3.054 0.15578 123.99
 3.0696 0.15389 124.09
 3.0852 0.15199 124.2
 3.1008 0.15007 124.3
 3.1166 0.14813 124.41
 3.1324 0.14616 124.51
 3.1482 0.14416 124.62
 3.1642 0.14213 124.72
 3.1802 0.14006 124.83
 3.1963 0.13794 124.93
 3.2125 0.13578 125.04
 3.2287 0.13355 125.14
 3.245 0.13125 125.25
 3.2614 0.12887 125.35
 3.2779 0.12638 125.46
 3.2945 0.12376 125.56
 3.3111 0.12096 125.67
 3.3278 0.11792 125.77
 3.3447 0.11453 125.88
 3.3616 0.11054 125.98
 3.3786 0.10532 126.09
 3.3958 0.08941399999999999 126.19


# name: p
# type: matrix
# rows: 643
# columns: 1
 0.01252
 0.012764
 0.013011
 0.013263
 0.013518
 0.013778
 0.014041
 0.014309
 0.01458
 0.014856
 0.015136
 0.01542
 0.015709
 0.016001
 0.016298
 0.0166
 0.016906
 0.017217
 0.017532
 0.017851
 0.018176
 0.018505
 0.018839
 0.019177
 0.019521
 0.019869
 0.020223
 0.020581
 0.020944
 0.021313
 0.021687
 0.022066
 0.02245
 0.022839
 0.023234
 0.023634
 0.02404
 0.024451
 0.024868
 0.025291
 0.025719
 0.026153
 0.026593
 0.027038
 0.02749
 0.027947
 0.028411
 0.02888
 0.029356
 0.029838
 0.030326
 0.03082
 0.031321
 0.031828
 0.032342
 0.032862
 0.033388
 0.033922
 0.034462
 0.035009
 0.035562
 0.036123
 0.03669
 0.037264
 0.037846
 0.038434
 0.03903
 0.039633
 0.040243
 0.040861
 0.041486
 0.042118
 0.042758
 0.043406
 0.044061
 0.044724
 0.045395
 0.046074
 0.04676
 0.047455
 0.048157
 0.048868
 0.049587
 0.050314
 0.051049
 0.051793
 0.052545
 0.053305
 0.054074
 0.054852
 0.055638
 0.056433
 0.057237
 0.05805
 0.058872
 0.059702
 0.060542
 0.061391
 0.062249
 0.06311700000000001
 0.06399299999999999
 0.06487900000000001
 0.065775
 0.06668
 0.067595
 0.068519
 0.069453
 0.070397
 0.071351
 0.072315
 0.07328800000000001
 0.074272
 0.075266
 0.07627
 0.07728500000000001
 0.07831
 0.079345
 0.080391
 0.08144700000000001
 0.082514
 0.083591
 0.08468000000000001
 0.08577899999999999
 0.08688899999999999
 0.08801
 0.089143
 0.09028600000000001
 0.09144099999999999
 0.09260599999999999
 0.09378400000000001
 0.094972
 0.09617199999999999
 0.097384
 0.098607
 0.099842
 0.10109
 0.10235
 0.10362
 0.1049
 0.1062
 0.1075
 0.10882
 0.11015
 0.1115
 0.11285
 0.11422
 0.1156
 0.117
 0.1184
 0.11982
 0.12125
 0.1227
 0.12416
 0.12563
 0.12711
 0.12861
 0.13012
 0.13165
 0.13318
 0.13474
 0.1363
 0.13788
 0.13947
 0.14108
 0.1427
 0.14433
 0.14598
 0.14765
 0.14932
 0.15101
 0.15272
 0.15444
 0.15618
 0.15792
 0.15969
 0.16147
 0.16326
 0.16507
 0.16689
 0.16873
 0.17059
 0.17246
 0.17434
 0.17624
 0.17816
 0.18009
 0.18203
 0.184
 0.18597
 0.18797
 0.18998
 0.192
 0.19405
 0.1961
 0.19818
 0.20027
 0.20238
 0.2045
 0.20664
 0.2088
 0.21097
 0.21316
 0.21537
 0.2176
 0.21984
 0.2221
 0.22437
 0.22667
 0.22898
 0.23131
 0.23365
 0.23602
 0.2384
 0.2408
 0.24321
 0.24565
 0.2481
 0.25057
 0.25306
 0.25557
 0.2581
 0.26064
 0.2632
 0.26579
 0.26839
 0.271
 0.27364
 0.2763
 0.27897
 0.28167
 0.28438
 0.28712
 0.28987
 0.29264
 0.29543
 0.29825
 0.30108
 0.30393
 0.3068
 0.30969
 0.3126
 0.31553
 0.31848
 0.32145
 0.32444
 0.32745
 0.33049
 0.33354
 0.33661
 0.33971
 0.34282
 0.34596
 0.34912
 0.35229
 0.35549
 0.35871
 0.36196
 0.36522
 0.36851
 0.37181
 0.37514
 0.37849
 0.38186
 0.38526
 0.38867
 0.39211
 0.39557
 0.39905
 0.40256
 0.40608
 0.40963
 0.41321
 0.4168
 0.42042
 0.42406
 0.42772
 0.43141
 0.43512
 0.43885
 0.44261
 0.44639
 0.45019
 0.45402
 0.45787
 0.46174
 0.46564
 0.46956
 0.47351
 0.47748
 0.48147
 0.48549
 0.48953
 0.4936
 0.49769
 0.50181
 0.50595
 0.51011
 0.5143
 0.51852
 0.52276
 0.52702
 0.53132
 0.5356300000000001
 0.53997
 0.54434
 0.5487300000000001
 0.55315
 0.55759
 0.56206
 0.56656
 0.57108
 0.57562
 0.5802
 0.5848
 0.5894200000000001
 0.5940800000000001
 0.59875
 0.60346
 0.60819
 0.61295
 0.61774
 0.62255
 0.62739
 0.63226
 0.63715
 0.64207
 0.64702
 0.652
 0.657
 0.66203
 0.66709
 0.67218
 0.6772899999999999
 0.68243
 0.6876
 0.6928
 0.69803
 0.70329
 0.70857
 0.71388
 0.71922
 0.72459
 0.72999
 0.73542
 0.74088
 0.74636
 0.75188
 0.75742
 0.763
 0.7685999999999999
 0.77423
 0.77989
 0.78559
 0.79131
 0.79706
 0.80284
 0.80865
 0.81449
 0.82037
 0.8262699999999999
 0.8322000000000001
 0.83817
 0.84416
 0.85018
 0.85624
 0.86233
 0.86844
 0.87459
 0.8807700000000001
 0.88698
 0.89323
 0.8995
 0.90581
 0.91214
 0.91851
 0.92491
 0.9313399999999999
 0.93781
 0.94431
 0.95084
 0.9574
 0.96399
 0.97062
 0.97728
 0.98397
 0.99069
 0.9974499999999999
 1.0042
 1.0111
 1.0179
 1.0248
 1.0317
 1.0387
 1.0457
 1.0527
 1.0598
 1.0669
 1.074
 1.0811
 1.0883
 1.0956
 1.1028
 1.1101
 1.1174
 1.1248
 1.1322
 1.1396
 1.1471
 1.1546
 1.1622
 1.1697
 1.1773
 1.185
 1.1927
 1.2004
 1.2081
 1.2159
 1.2238
 1.2316
 1.2395
 1.2475
 1.2554
 1.2634
 1.2715
 1.2796
 1.2877
 1.2958
 1.304
 1.3122
 1.3205
 1.3288
 1.3371
 1.3455
 1.3539
 1.3624
 1.3709
 1.3794
 1.388
 1.3966
 1.3966
 1.4052
 1.4052
 1.4139
 1.4139
 1.4226
 1.4226
 1.4226
 1.4226
 1.4314
 1.4314
 1.4314
 1.4314
 1.4402
 1.4402
 1.4402
 1.4402
 1.4402
 1.449
 1.449
 1.449
 1.449
 1.449
 1.4579
 1.4579
 1.4579
 1.4579
 1.4579
 1.4668
 1.4668
 1.4668
 1.4668
 1.4668
 1.4757
 1.4757
 1.4757
 1.4757
 1.4757
 1.4847
 1.4847
 1.4847
 1.4847
 1.4847
 1.4938
 1.4938
 1.4938
 1.4938
 1.5028
 1.5028
 1.5028
 1.5028
 1.5119
 1.5119
 1.5211
 1.5211
 1.5303
 1.5303
 1.5395
 1.5488
 1.5581
 1.5674
 1.5768
 1.5862
 1.5957
 1.6052
 1.6148
 1.6244
 1.634
 1.6437
 1.6534
 1.6632
 1.673
 1.6828
 1.6927
 1.7026
 1.7126
 1.7226
 1.7326
 1.7427
 1.7529
 1.763
 1.7733
 1.7835
 1.7938
 1.8042
 1.8146
 1.825
 1.8355
 1.846
 1.8566
 1.8672
 1.8779
 1.8886
 1.8993
 1.9101
 1.9209
 1.9318
 1.9427
 1.9537
 1.9647
 1.9758
 1.9869
 1.998
 2.0092
 2.0205
 2.0318
 2.0431
 2.0545
 2.0659
 2.0774
 2.0889
 2.1005
 2.1121
 2.1238
 2.1355
 2.1472
 2.159
 2.1709
 2.1828
 2.1947
 2.2067
 2.2188
 2.2309
 2.243
 2.2552
 2.2675
 2.2797
 2.2921
 2.3045
 2.3169
 2.3294
 2.342
 2.3546
 2.3672
 2.3799
 2.3926
 2.4054
 2.4183
 2.4312
 2.4441
 2.4571
 2.4702
 2.4833
 2.4965
 2.5097
 2.523
 2.5363
 2.5497
 2.5631
 2.5766
 2.5901
 2.6037
 2.6174
 2.6311
 2.6448
 2.6587
 2.6725
 2.6865
 2.7004
 2.7145
 2.7286
 2.7428
 2.757
 2.7712
 2.7856
 2.8
 2.8144
 2.8289
 2.8435
 2.8581
 2.8728
 2.8876
 2.9024
 2.9173
 2.9322
 2.9472
 2.9623
 2.9774
 2.9926
 3.0079
 3.0232
 3.0386
 3.054
 3.0696
 3.0852
 3.1008
 3.1166
 3.1324
 3.1482
 3.1642
 3.1802
 3.1963
 3.2125
 3.2287
 3.245
 3.2614
 3.2779
 3.2945
 3.3111
 3.3278
 3.3447
 3.3616
 3.3786
 3.3958


# name: t
# type: matrix
# rows: 643
# columns: 1
 63.151
 63.256
 63.361
 63.466
 63.571
 63.676
 63.781
 63.886
 63.992
 64.09699999999999
 64.202
 64.307
 64.41200000000001
 64.517
 64.622
 64.727
 64.83199999999999
 64.937
 65.042
 65.14700000000001
 65.252
 65.357
 65.46299999999999
 65.568
 65.673
 65.77800000000001
 65.883
 65.988
 66.093
 66.19799999999999
 66.303
 66.408
 66.51300000000001
 66.61799999999999
 66.723
 66.828
 66.93300000000001
 67.039
 67.14400000000001
 67.249
 67.354
 67.459
 67.56399999999999
 67.669
 67.774
 67.879
 67.98399999999999
 68.089
 68.194
 68.29900000000001
 68.404
 68.509
 68.61499999999999
 68.72
 68.825
 68.93000000000001
 69.035
 69.14
 69.245
 69.34999999999999
 69.455
 69.56
 69.66500000000001
 69.77
 69.875
 69.98
 70.086
 70.191
 70.29600000000001
 70.401
 70.506
 70.611
 70.71599999999999
 70.821
 70.926
 71.03100000000001
 71.136
 71.241
 71.346
 71.45099999999999
 71.556
 71.66200000000001
 71.767
 71.872
 71.977
 72.08199999999999
 72.187
 72.292
 72.39700000000001
 72.502
 72.607
 72.712
 72.81699999999999
 72.922
 73.027
 73.13200000000001
 73.238
 73.343
 73.44799999999999
 73.553
 73.658
 73.76300000000001
 73.86799999999999
 73.973
 74.078
 74.18300000000001
 74.288
 74.393
 74.498
 74.60299999999999
 74.709
 74.81399999999999
 74.919
 75.024
 75.129
 75.23399999999999
 75.339
 75.444
 75.54900000000001
 75.654
 75.759
 75.864
 75.96899999999999
 76.074
 76.179
 76.285
 76.39
 76.495
 76.59999999999999
 76.705
 76.81
 76.91500000000001
 77.02
 77.125
 77.23
 77.33499999999999
 77.44
 77.545
 77.65000000000001
 77.755
 77.861
 77.96599999999999
 78.071
 78.176
 78.28100000000001
 78.386
 78.491
 78.596
 78.70099999999999
 78.806
 78.911
 79.01600000000001
 79.121
 79.226
 79.33199999999999
 79.437
 79.542
 79.64700000000001
 79.752
 79.857
 79.962
 80.06699999999999
 80.172
 80.277
 80.38200000000001
 80.48699999999999
 80.592
 80.697
 80.80200000000001
 80.908
 81.01300000000001
 81.11799999999999
 81.223
 81.328
 81.43300000000001
 81.538
 81.643
 81.748
 81.85299999999999
 81.958
 82.063
 82.16800000000001
 82.273
 82.379
 82.48399999999999
 82.589
 82.694
 82.79900000000001
 82.904
 83.009
 83.114
 83.21899999999999
 83.324
 83.429
 83.53400000000001
 83.639
 83.744
 83.849
 83.955
 84.06
 84.16500000000001
 84.27
 84.375
 84.48
 84.58499999999999
 84.69
 84.795
 84.90000000000001
 85.005
 85.11
 85.215
 85.31999999999999
 85.425
 85.53100000000001
 85.636
 85.741
 85.846
 85.95099999999999
 86.056
 86.161
 86.26600000000001
 86.371
 86.476
 86.581
 86.68600000000001
 86.791
 86.896
 87.002
 87.107
 87.212
 87.31699999999999
 87.422
 87.527
 87.63200000000001
 87.73699999999999
 87.842
 87.947
 88.05200000000001
 88.157
 88.262
 88.367
 88.47199999999999
 88.578
 88.68300000000001
 88.788
 88.893
 88.998
 89.10299999999999
 89.208
 89.313
 89.41800000000001
 89.523
 89.628
 89.733
 89.83799999999999
 89.943
 90.048
 90.154
 90.259
 90.364
 90.46899999999999
 90.574
 90.679
 90.78400000000001
 90.889
 90.994
 91.099
 91.20399999999999
 91.309
 91.414
 91.51900000000001
 91.625
 91.73
 91.83499999999999
 91.94
 92.045
 92.15000000000001
 92.255
 92.36
 92.465
 92.56999999999999
 92.675
 92.78
 92.88500000000001
 92.98999999999999
 93.095
 93.20099999999999
 93.306
 93.411
 93.51600000000001
 93.621
 93.726
 93.831
 93.93600000000001
 94.041
 94.146
 94.251
 94.35599999999999
 94.461
 94.566
 94.672
 94.777
 94.88200000000001
 94.98699999999999
 95.092
 95.197
 95.30200000000001
 95.407
 95.512
 95.617
 95.72199999999999
 95.827
 95.932
 96.03700000000001
 96.142
 96.248
 96.35299999999999
 96.458
 96.563
 96.66800000000001
 96.773
 96.878
 96.983
 97.08799999999999
 97.193
 97.298
 97.40300000000001
 97.508
 97.613
 97.718
 97.824
 97.929
 98.03400000000001
 98.139
 98.244
 98.349
 98.45399999999999
 98.559
 98.664
 98.76900000000001
 98.874
 98.979
 99.084
 99.18899999999999
 99.295
 99.40000000000001
 99.505
 99.61
 99.715
 99.81999999999999
 99.925
 100.03
 100.14
 100.24
 100.35
 100.45
 100.56
 100.66
 100.77
 100.87
 100.98
 101.08
 101.19
 101.29
 101.4
 101.5
 101.61
 101.71
 101.82
 101.92
 102.03
 102.13
 102.24
 102.34
 102.45
 102.55
 102.66
 102.76
 102.87
 102.97
 103.08
 103.18
 103.29
 103.39
 103.5
 103.6
 103.71
 103.81
 103.92
 104.02
 104.13
 104.23
 104.34
 104.44
 104.55
 104.65
 104.76
 104.86
 104.97
 105.07
 105.18
 105.28
 105.39
 105.49
 105.6
 105.7
 105.81
 105.91
 106.02
 106.12
 106.23
 106.33
 106.44
 106.54
 106.65
 106.75
 106.86
 106.96
 107.07
 107.17
 107.28
 107.38
 107.49
 107.59
 107.7
 107.81
 107.91
 108.02
 108.12
 108.23
 108.33
 108.44
 108.54
 108.65
 108.75
 108.86
 108.96
 109.07
 109.17
 109.17
 109.28
 109.28
 109.38
 109.38
 109.49
 109.49
 109.49
 109.49
 109.59
 109.59
 109.59
 109.59
 109.7
 109.7
 109.7
 109.7
 109.7
 109.8
 109.8
 109.8
 109.8
 109.8
 109.91
 109.91
 109.91
 109.91
 109.91
 110.01
 110.01
 110.01
 110.01
 110.01
 110.12
 110.12
 110.12
 110.12
 110.12
 110.22
 110.22
 110.22
 110.22
 110.22
 110.33
 110.33
 110.33
 110.33
 110.43
 110.43
 110.43
 110.43
 110.54
 110.54
 110.64
 110.64
 110.75
 110.75
 110.85
 110.96
 111.06
 111.17
 111.27
 111.38
 111.48
 111.59
 111.69
 111.8
 111.9
 112.01
 112.11
 112.22
 112.32
 112.43
 112.53
 112.64
 112.74
 112.85
 112.95
 113.06
 113.16
 113.27
 113.37
 113.48
 113.58
 113.69
 113.79
 113.9
 114
 114.11
 114.21
 114.32
 114.42
 114.53
 114.63
 114.74
 114.84
 114.95
 115.05
 115.16
 115.26
 115.37
 115.48
 115.58
 115.69
 115.79
 115.9
 116
 116.11
 116.21
 116.32
 116.42
 116.53
 116.63
 116.74
 116.84
 116.95
 117.05
 117.16
 117.26
 117.37
 117.47
 117.58
 117.68
 117.79
 117.89
 118
 118.1
 118.21
 118.31
 118.42
 118.52
 118.63
 118.73
 118.84
 118.94
 119.05
 119.15
 119.26
 119.36
 119.47
 119.57
 119.68
 119.78
 119.89
 119.99
 120.1
 120.2
 120.31
 120.41
 120.52
 120.62
 120.73
 120.83
 120.94
 121.04
 121.15
 121.25
 121.36
 121.46
 121.57
 121.67
 121.78
 121.88
 121.99
 122.09
 122.2
 122.3
 122.41
 122.51
 122.62
 122.72
 122.83
 122.93
 123.04
 123.15
 123.25
 123.36
 123.46
 123.57
 123.67
 123.78
 123.88
 123.99
 124.09
 124.2
 124.3
 124.41
 124.51
 124.62
 124.72
 124.83
 124.93
 125.04
 125.14
 125.25
 125.35
 125.46
 125.56
 125.67
 125.77
 125.88
 125.98
 126.09
 126.19


# name: v
# type: matrix
# rows: 643
# columns: 1
 0.032303
 0.032319
 0.032335
 0.032351
 0.032367
 0.032383
 0.032399
 0.032416
 0.032432
 0.032448
 0.032464
 0.032481
 0.032497
 0.032513
 0.03253
 0.032546
 0.032563
 0.032579
 0.032596
 0.032612
 0.032629
 0.032645
 0.032662
 0.032679
 0.032695
 0.032712
 0.032729
 0.032746
 0.032762
 0.032779
 0.032796
 0.032813
 0.03283
 0.032847
 0.032864
 0.032881
 0.032898
 0.032915
 0.032932
 0.032949
 0.032966
 0.032984
 0.033001
 0.033018
 0.033035
 0.033053
 0.03307
 0.033087
 0.033105
 0.033122
 0.03314
 0.033157
 0.033175
 0.033192
 0.03321
 0.033227
 0.033245
 0.033263
 0.03328
 0.033298
 0.033316
 0.033334
 0.033351
 0.033369
 0.033387
 0.033405
 0.033423
 0.033441
 0.033459
 0.033477
 0.033495
 0.033513
 0.033532
 0.03355
 0.033568
 0.033586
 0.033605
 0.033623
 0.033641
 0.03366
 0.033678
 0.033697
 0.033715
 0.033734
 0.033752
 0.033771
 0.033789
 0.033808
 0.033827
 0.033846
 0.033864
 0.033883
 0.033902
 0.033921
 0.03394
 0.033959
 0.033978
 0.033997
 0.034016
 0.034035
 0.034054
 0.034073
 0.034093
 0.034112
 0.034131
 0.03415
 0.03417
 0.034189
 0.034209
 0.034228
 0.034248
 0.034267
 0.034287
 0.034306
 0.034326
 0.034346
 0.034366
 0.034385
 0.034405
 0.034425
 0.034445
 0.034465
 0.034485
 0.034505
 0.034525
 0.034545
 0.034565
 0.034586
 0.034606
 0.034626
 0.034646
 0.034667
 0.034687
 0.034708
 0.034728
 0.034749
 0.034769
 0.03479
 0.034811
 0.034831
 0.034852
 0.034873
 0.034894
 0.034915
 0.034935
 0.034956
 0.034977
 0.034998
 0.03502
 0.035041
 0.035062
 0.035083
 0.035104
 0.035126
 0.035147
 0.035169
 0.03519
 0.035212
 0.035233
 0.035255
 0.035276
 0.035298
 0.03532
 0.035342
 0.035364
 0.035385
 0.035407
 0.035429
 0.035451
 0.035473
 0.035496
 0.035518
 0.03554
 0.035562
 0.035585
 0.035607
 0.03563
 0.035652
 0.035675
 0.035697
 0.03572
 0.035743
 0.035765
 0.035788
 0.035811
 0.035834
 0.035857
 0.03588
 0.035903
 0.035926
 0.035949
 0.035972
 0.035996
 0.036019
 0.036042
 0.036066
 0.036089
 0.036113
 0.036137
 0.03616
 0.036184
 0.036208
 0.036232
 0.036256
 0.03628
 0.036304
 0.036328
 0.036352
 0.036376
 0.0364
 0.036425
 0.036449
 0.036473
 0.036498
 0.036522
 0.036547
 0.036572
 0.036597
 0.036621
 0.036646
 0.036671
 0.036696
 0.036721
 0.036746
 0.036771
 0.036797
 0.036822
 0.036847
 0.036873
 0.036898
 0.036924
 0.03695
 0.036975
 0.037001
 0.037027
 0.037053
 0.037079
 0.037105
 0.037131
 0.037157
 0.037183
 0.03721
 0.037236
 0.037263
 0.037289
 0.037316
 0.037343
 0.037369
 0.037396
 0.037423
 0.03745
 0.037477
 0.037504
 0.037531
 0.037559
 0.037586
 0.037613
 0.037641
 0.037669
 0.037696
 0.037724
 0.037752
 0.03778
 0.037808
 0.037836
 0.037864
 0.037892
 0.03792
 0.037949
 0.037977
 0.038006
 0.038034
 0.038063
 0.038092
 0.038121
 0.03815
 0.038179
 0.038208
 0.038237
 0.038267
 0.038296
 0.038325
 0.038355
 0.038385
 0.038414
 0.038444
 0.038474
 0.038504
 0.038534
 0.038565
 0.038595
 0.038625
 0.038656
 0.038686
 0.038717
 0.038748
 0.038779
 0.03881
 0.038841
 0.038872
 0.038903
 0.038935
 0.038966
 0.038998
 0.039029
 0.039061
 0.039093
 0.039125
 0.039157
 0.039189
 0.039222
 0.039254
 0.039287
 0.039319
 0.039352
 0.039385
 0.039418
 0.039451
 0.039484
 0.039517
 0.039551
 0.039584
 0.039618
 0.039652
 0.039686
 0.03972
 0.039754
 0.039788
 0.039822
 0.039857
 0.039891
 0.039926
 0.039961
 0.039996
 0.040031
 0.040066
 0.040102
 0.040137
 0.040173
 0.040209
 0.040244
 0.04028
 0.040317
 0.040353
 0.040389
 0.040426
 0.040463
 0.040499
 0.040536
 0.040573
 0.040611
 0.040648
 0.040686
 0.040723
 0.040761
 0.040799
 0.040837
 0.040876
 0.040914
 0.040953
 0.040991
 0.04103
 0.041069
 0.041108
 0.041148
 0.041187
 0.041227
 0.041267
 0.041307
 0.041347
 0.041387
 0.041428
 0.041469
 0.041509
 0.04155
 0.041592
 0.041633
 0.041675
 0.041716
 0.041758
 0.0418
 0.041843
 0.041885
 0.041928
 0.041971
 0.042014
 0.042057
 0.0421
 0.042144
 0.042188
 0.042232
 0.042276
 0.04232
 0.042365
 0.04241
 0.042455
 0.0425
 0.042545
 0.042591
 0.042637
 0.042683
 0.042729
 0.042776
 0.042823
 0.04287
 0.042917
 0.042964
 0.043012
 0.04306
 0.043108
 0.043157
 0.043205
 0.043254
 0.043303
 0.043353
 0.043402
 0.043452
 0.043503
 0.043553
 0.043604
 0.043655
 0.043706
 0.043757
 0.043809
 0.043861
 0.043914
 0.043966
 0.044019
 0.044072
 0.044126
 0.04418
 0.044234
 0.044288
 0.044343
 0.044398
 0.044453
 0.044509
 0.044565
 0.044621
 0.044621
 0.044678
 0.044678
 0.044735
 0.044735
 0.044792
 0.044792
 0.044792
 0.044792
 0.04485
 0.04485
 0.04485
 0.04485
 0.044908
 0.044908
 0.044908
 0.044908
 0.044908
 0.044966
 0.044966
 0.044966
 0.044966
 0.044966
 0.045025
 0.045025
 0.045025
 0.045025
 0.045025
 0.045084
 0.045084
 0.045084
 0.045084
 0.045084
 0.045143
 0.045143
 0.045143
 0.045143
 0.045143
 0.045203
 0.045203
 0.045203
 0.045203
 0.045203
 0.045263
 0.045263
 0.045263
 0.045263
 0.045324
 0.045324
 0.045324
 0.045324
 0.045385
 0.045385
 0.045446
 0.045446
 0.045508
 0.045508
 0.04557
 0.045632
 0.045695
 0.045758
 0.045822
 0.045886
 0.045951
 0.046016
 0.046081
 0.046147
 0.046214
 0.04628
 0.046348
 0.046415
 0.046484
 0.046552
 0.046622
 0.046691
 0.046762
 0.046832
 0.046903
 0.046975
 0.047048
 0.04712
 0.047194
 0.047268
 0.047342
 0.047417
 0.047493
 0.047569
 0.047646
 0.047724
 0.047802
 0.047881
 0.04796
 0.04804
 0.048121
 0.048202
 0.048284
 0.048367
 0.048451
 0.048535
 0.04862
 0.048706
 0.048792
 0.04888
 0.048968
 0.049057
 0.049146
 0.049237
 0.049328
 0.049421
 0.049514
 0.049608
 0.049703
 0.049799
 0.049896
 0.049994
 0.050092
 0.050192
 0.050293
 0.050395
 0.050498
 0.050603
 0.050708
 0.050815
 0.050922
 0.051031
 0.051141
 0.051253
 0.051365
 0.05148
 0.051595
 0.051712
 0.05183
 0.05195
 0.052071
 0.052194
 0.052318
 0.052444
 0.052572
 0.052701
 0.052833
 0.052966
 0.053101
 0.053237
 0.053376
 0.053517
 0.05366
 0.053805
 0.053953
 0.054102
 0.054254
 0.054409
 0.054566
 0.054726
 0.054888
 0.055054
 0.055222
 0.055394
 0.055568
 0.055746
 0.055928
 0.056113
 0.056301
 0.056494
 0.056691
 0.056891
 0.057097
 0.057307
 0.057522
 0.057742
 0.057968
 0.058199
 0.058436
 0.05868
 0.05893
 0.059187
 0.059453
 0.059726
 0.060007
 0.060298
 0.060599
 0.060911
 0.061234
 0.061569
 0.061918
 0.062281
 0.06265999999999999
 0.063058
 0.063474
 0.063913
 0.064375
 0.06486500000000001
 0.065387
 0.065944
 0.066543
 0.067191
 0.067898
 0.068678
 0.069549
 0.07054100000000001
 0.071698
 0.0731
 0.074916
 0.07763200000000001
 0.08941399999999999


